    0.5185
    0.5188
    0.5192
    0.5190
    0.5188
    0.5193
    0.5191
    0.5188
    0.5187
    0.5195
    0.5189
    0.5191
    0.5184
    0.5195
    0.5190
    0.5187
    0.5189
    0.5191
    0.5189
    0.5189
    0.5193
    0.5191
    0.5186
    0.5193
    0.5190
    0.5191
    0.5187
    0.5192
    0.5190
    0.5188
    0.5189
    0.5192
    0.5187
    0.5193
    0.5190
    0.5189
    0.5194
    0.5189
    0.5188
    0.5190
    0.5188
    0.5229
    0.5151
    0.5192
    0.5187
    0.5194
    0.5190
    0.5188
    0.5190
    0.5190
    0.5189
    0.5191
    0.5191
    0.5188
    0.5193
    0.5185
    0.5191
    0.5190
    0.5188
    0.5190
    0.5191
    0.5189
    0.5193
    0.5186
    0.5191
    0.5190
    0.5189
    0.5191
    0.5188
    0.5188
    0.5226
    0.5157
    0.5189
    0.5193
    0.5187
    0.5192
    0.5188
    0.5189
    0.5193
    0.5188
    0.5192
    0.5189
    0.5190
    0.5187
    0.5189
    0.5193
    0.5190
    0.5187
    0.5194
    0.5195
    0.5181
    0.5192
    0.5190
    0.5189
    0.5189
    0.5192
    0.5191
    0.5190
    0.5188
    0.5190
    0.5191
    0.5189
    0.5191
    0.5189
    0.5191
    0.5189
    0.5190
    0.5191
    0.5188
    0.5193
    0.5187
    0.5192
    0.5188
    0.5190
    0.5190
    0.5189
    0.5192
    0.5192
    0.5187
    0.5191
    0.5188
    0.5192
    0.5189
    0.5187
    0.5193
    0.5190
    0.5188
    0.5189
    0.5192
    0.5189
    0.5188
    0.5192
    0.5187
    0.5192
    0.5193
    0.5187
    0.5190
    0.5192
    0.5191
    0.5188
    0.5186
    0.5192
    0.5190
    0.5189
    0.5191
    0.5191
    0.5186
    0.5194
    0.5190
    0.5188
    0.5191
    0.5194
    0.5190
    0.5189
    0.5188
    0.5193
    0.5186
    0.5189
    0.5193
    0.5187
    0.5194
    0.5188
    0.5192
    0.5199
    0.5177
    0.5190
    0.5193
    0.5190
    0.5190
    0.5187
    0.5192
    0.5186
    0.5194
    0.5188
    0.5191
    0.5190
    0.5190
    0.5190
    0.5189
    0.5193
    0.5189
    0.5188
    0.5190
    0.5190
    0.5191
    0.5187
    0.5194
    0.5188
    0.5189
    0.5189
    0.5192
    0.5194
    0.5184
    0.5192
    0.5190
    0.5189
    0.5189
    0.5189
    0.5193
    0.5190
    0.5187
    0.5193
    0.5189
    0.5191
    0.5189
    0.5192
    0.5186
    0.5191
    0.5188
    0.5192
    0.5190
    0.5191
    0.5192
    0.5189
    0.5189
    0.5191
    0.5190
    0.5189
    0.5188
    0.5193
    0.5182
    0.5194
    0.5190
    0.5191
    0.5189
    0.5190
    0.5190
    0.5186
    0.5195
    0.5188
    0.5189
    0.5188
    0.5193
    0.5192
    0.5186
    0.5191
    0.5189
    0.5189
    0.5191
    0.5190
    0.5189
    0.5191
    0.5189
    0.5193
    0.5190
    0.5190
    0.5186
    0.5193
    0.5189
    0.5189
    0.5189
    0.5192
    0.5187
    0.5214
    0.5167
    0.5194
    0.5186
    0.5188
    0.5193
    0.5186
    0.5193
    0.5190
    0.5188
    0.5192
    0.5188
    0.5189
    0.5192
    0.5191
    0.5187
    0.5192
    0.5193
    0.5186
    0.5191
    0.5187
    0.5191
    0.5189
    0.5195
    0.5187
    0.5191
    0.5189
    0.5189
    0.5192
    0.5193
    0.5185
    0.5192
    0.5189
    0.5187
    0.5193
    0.5189
    0.5188
    0.5190
    0.5192
    0.5189
    0.5188
    0.5192
    0.5200
    0.5176
    0.5193
    0.5192
    0.5187
    0.5191
    0.5190
    0.5187
    0.5195
    0.5185
    0.5192
    0.5190
    0.5189
    0.5190
    0.5189
    0.5190
    0.5192
    0.5187
    0.5193
    0.5189
    0.5190
    0.5188
    0.5193
    0.5188
    0.5189
    0.5189
    0.5193
    0.5187
    0.5190
    0.5195
    0.5185
    0.5192
    0.5190
    0.5189
    0.5191
    0.5239
    0.5144
    0.5189
    0.5188
    0.5190
    0.5189
    0.5192
    0.5187
    0.5192
    0.5189
    0.5192
    0.5189
    0.5189
    0.5189
    0.5194
    0.5186
    0.5189
    0.5191
    0.5190
    0.5192
    0.5186
    0.5196
    0.5185
    0.5194
    0.5185
    0.5193
    0.5191
    0.5190
    0.5189
    0.5225
    0.5156
    0.5187
    0.5212
    0.5167
    0.5190
    0.5194
    0.5187
    0.5187
    0.5190
    0.5192
    0.5191
    0.5190
    0.5191
    0.5188
    0.5190
    0.5188
    0.5190
    0.5192
    0.5189
    0.5192
    0.5188
    0.5192
    0.5188
    0.5202
    0.5177
    0.5191
    0.5189
    0.5190
    0.5193
    0.5188
    0.5187
    0.5194
    0.5192
    0.5187
    0.5189
    0.5190
    0.5188
    0.5190
    0.5194
    0.5185
    0.5193
    0.5188
    0.5189
    0.5191
    0.5187
    0.5193
    0.5190
    0.5187
    0.5194
    0.5189
    0.5189
    0.5187
    0.5193
    0.5192
    0.5186
    0.5191
    0.5192
    0.5188
    0.5193
    0.5185
    0.5193
    0.5192
    0.5186
    0.5188
    0.5193
    0.5188
    0.5193
    0.5192
    0.5186
    0.5190
    0.5193
    0.5189
    0.5191
    0.5187
    0.5192
    0.5191
    0.5221
    0.5159
    0.5187
    0.5191
    0.5189
    0.5189
    0.5199
    0.5180
    0.5189
    0.5192
    0.5188
    0.5192
    0.5190
    0.5191
    0.5185
    0.5192
    0.5187
    0.5194
    0.5188
    0.5187
    0.5191
    0.5192
    0.5188
    0.5191
    0.5189
    0.5190
    0.5190
    0.5189
    0.5190
    0.5204
    0.5176
    0.5192
    0.5189
    0.5190
    0.5188
    0.5191
    0.5189
    0.5191
    0.5190
    0.5189
    0.5190
    0.5192
    0.5198
    0.5182
    0.5187
    0.5193
    0.5188
    0.5189
    0.5190
    0.5190
    0.5205
    0.5180
    0.5184
    0.5191
    0.5194
    0.5187
    0.5191
    0.5192
    0.5186
    0.5194
    0.5186
    0.5189
    0.5190
    0.5190
    0.5193
    0.5188
    0.5186
    0.5193
    0.5189
    0.5190
    0.5189
    0.5195
    0.5185
    0.5193
    0.5189
    0.5191
    0.5189
    0.5187
    0.5195
    0.5187
    0.5194
    0.5186
    0.5190
    0.5189
    0.5191
    0.5189
    0.5187
    0.5190
    0.5194
    0.5187
    0.5192
    0.5188
    0.5191
    0.5192
    0.5198
    0.5180
    0.5186
    0.5196
    0.5187
    0.5190
    0.5191
    0.5188
    0.5192
    0.5189
    0.5191
    0.5190
    0.5212
    0.5164
    0.5190
    0.5193
    0.5189
    0.5188
    0.5192
    0.5187
    0.5191
    0.5190
    0.5194
    0.5183
    0.5196
    0.5186
    0.5191
    0.5192
    0.5185
    0.5194
    0.5189
    0.5189
    0.5188
    0.5191
    0.5192
    0.5185
    0.5194
    0.5187
    0.5192
    0.5187
    0.5192
    0.5190
    0.5187
    0.5195
    0.5188
    0.5186
    0.5193
    0.5191
    0.5186
    0.5205
    0.5178
    0.5191
    0.5192
    0.5188
    0.5189
    0.5189
    0.5188
    0.5190
    0.5194
    0.5198
    0.5180
    0.5190
    0.5187
    0.5196
    0.5185
    0.5190
    0.5189
    0.5189
    0.5192
    0.5189
    0.5189
    0.5193
    0.5187
    0.5191
    0.5188
    0.5189
    0.5191
    0.5187
    0.5195
    0.5186
    0.5196
    0.5181
    0.5195
    0.5185
    0.5195
    0.5187
    0.5191
    0.5191
    0.5187
    0.5194
    0.5186
    0.5190
    0.5192
    0.5188
    0.5190
    0.5190
    0.5189
    0.5193
    0.5188
    0.5190
    0.5191
    0.5188
    0.5189
    0.5200
    0.5182
    0.5188
    0.5190
    0.5189
    0.5194
    0.5186
    0.5191
    0.5188
    0.5192
    0.5189
    0.5189
    0.5192
    0.5187
    0.5190
    0.5213
    0.5168
    0.5188
    0.5194
    0.5186
    0.5189
    0.5190
    0.5191
    0.5191
    0.5190
    0.5190
    0.5189
    0.5191
    0.5188
    0.5191
    0.5191
    0.5186
    0.5190
    0.5192
    0.5189
    0.5189
    0.5192
    0.5188
    0.5188
    0.5190
    0.5193
    0.5187
    0.5192
    0.5191
    0.5190
    0.5186
    0.5196
    0.5187
    0.5190
    0.5190
    0.5188
    0.5192
    0.5189
    0.5191
    0.5188
    0.5191
    0.5189
    0.5195
    0.5185
    0.5204
    0.5180
    0.5186
    0.5187
    0.5193
    0.5189
    0.5194
    0.5184
    0.5196
    0.5186
    0.5193
    0.5185
    0.5194
    0.5188
    0.5189
    0.5189
    0.5191
    0.5191
    0.5189
    0.5189
    0.5190
    0.5190
    0.5189
    0.5197
    0.5184
    0.5187
    0.5194
    0.5190
    0.5188
    0.5193
    0.5188
    0.5188
    0.5189
    0.5256
    0.5127
    0.5189
    0.5190
    0.5190
    0.5187
    0.5192
    0.5190
    0.5190
    0.5193
    0.5188
    0.5188
    0.5191
    0.5188
    0.5191
    0.5191
    0.5186
    0.5193
    0.5190
    0.5192
    0.5185
    0.5191
    0.5189
    0.5193
    0.5185
    0.5196
    0.5185
    0.5192
    0.5189
    0.5211
    0.5169
    0.5188
    0.5188
    0.5192
    0.5191
    0.5187
    0.5192
    0.5187
    0.5193
    0.5186
    0.5193
    0.5189
    0.5189
    0.5189
    0.5195
    0.5187
    0.5187
    0.5193
    0.5188
    0.5187
    0.5193
    0.5189
    0.5190
    0.5192
    0.5190
    0.5187
    0.5190
    0.5189
    0.5192
    0.5191
    0.5189
    0.5189
    0.5193
    0.5187
    0.5189
    0.5191
    0.5190
    0.5187
    0.5192
    0.5187
    0.5202
    0.5181
    0.5191
    0.5186
    0.5191
    0.5193
    0.5185
    0.5191
    0.5191
    0.5191
    0.5188
    0.5190
    0.5195
    0.2695
   14.7180
    1.2162
    0.2104
    0.2150
    0.2080
    7.9888
    0.2723
    0.2834
    0.2778
    0.2671
    0.2841
    0.2810
    0.2756
    0.2704
    0.2713
    0.2715
    0.2693
    0.2739
    0.2834
    0.2376
    2.8614
    0.2525
    0.2474
    0.2557
    0.2518
    0.2389
    0.2498
    0.2568
    0.2386
    0.2512
    0.2524
    0.2950
    0.2640
    0.2134
    0.2549
    0.2439
    0.2624
    0.2465
    0.2259
    0.2529
    0.2398
    0.2444
    0.2446
    0.2358
    0.2643
    5.2191
    0.4690
    0.2325
    0.2603
    0.2428
    0.2354
    0.2278
    0.2387
   18.5877
    0.2808
    1.6823
