683
684
725
743
759
720
698
687
688
686
675
663
632
711
864
808
757
718
710
699
698
705
727
753
748
723
713
707
710
692
714
693
674
650
663
675
694
691
703
722
728
740
714
697
695
681
673
658
664
696
722
710
680
685
672
646
621
609
597
624
751
748
704
692
675
680
651
664
676
686
687
698
698
686
680
682
668
676
652
651
661
671
681
665
679
687
688
676
668
677
689
667
655
643
667
667
679
685
684
665
658
655
651
648
633
629
638
648
641
639
633
633
619
614
625
638
653
644
613
613
617
652
607
680
651
623
621
631
631
624
628
635
631
631
701
697
691
684
684
685
684
665
675
691
699
672
675
666
698
682
681
699
715
708
694
700
697
701
681
647
670
678
683
700
684
666
666
653
648
674
686
705
720
692
713
683
675
647
638
650
674
695
724
742
752
729
724
689
698
684
695
712
745
762
752
705
691
666
640
623
688
721
753
746
738
728
718
701
680
674
681
698
727
766
762
766
773
756
743
724
717
696
669
687
695
730
719
693
684
702
724
706
732
759
762
738
703
728
737
735
759
751
730
683
683
700
719
712
741
752
724
700
717
716
696
684
703
728
712
692
710
730
700
712
714
691
674
673
666
666
660
685
716
716
682
680
681
663
645
658
679
682
670
668
673
690
681
675
687
711
704
699
686
686
676
668
680
681
676
688
708
713
721
731
736
